5.000000000000000000e-01
5.152358539877215371e-01
5.274410734366391518e-01
5.870105554512098367e-01
5.870105554512098367e-01
6.252162757262993420e-01
6.252162757262993420e-01
6.252162757262993420e-01
6.756718710390521299e-01
7.503369491453398821e-01
7.503369491453398821e-01
7.496991466212773458e-01
7.275592805446963185e-01
6.870795513969173429e-01
7.417768190760929414e-01
7.260023949801580612e-01
7.260023949801580612e-01
6.374232770327294961e-01
7.141724370897023499e-01
6.849043218595519678e-01
6.849043218595519678e-01
6.849043218595519678e-01
6.846420757340445640e-01
6.666112693943521128e-01
6.907195568068350555e-01
7.418226814601134311e-01
7.297868502922135736e-01
7.297868502922135736e-01
7.297868502922135736e-01
7.263945024142783868e-01
6.710924681950265480e-01
6.530207694130871765e-01
6.226845772321027983e-01
6.226845772321027983e-01
6.226845772321027983e-01
6.226845772321027983e-01
6.228188923575654901e-01
6.052944308227472536e-01
6.150799745318563660e-01
6.150799745318563660e-01
6.103885810116866928e-01
6.103885810116866928e-01
6.439235615871740093e-01
6.439235615871740093e-01
6.129625602896195957e-01
6.256739980499754772e-01
6.256739980499754772e-01
6.278746391287443052e-01
6.309600379639687118e-01
6.309600379639687118e-01
7.335209521676755440e-01
7.360736120288718931e-01
7.075533410550892688e-01
7.075533410550892688e-01
7.230122613019100974e-01
6.724538579555817686e-01
6.724538579555817686e-01
6.724538579555817686e-01
6.724538579555817686e-01
6.127211749927052864e-01
6.308531060930865353e-01
5.947012363234618348e-01
5.947012363234618348e-01
5.947012363234618348e-01
5.947012363234618348e-01
5.947012363234618348e-01
6.267560251820682993e-01
6.267560251820682993e-01
6.267560251820682993e-01
6.276383717192777212e-01
6.276383717192777212e-01
6.277082013678254580e-01
6.277082013678254580e-01
6.277082013678254580e-01
7.224455210644020742e-01
7.451201403954776925e-01
8.017315147692771760e-01
7.271321558575807309e-01
6.234783701927391064e-01
6.234783701927391064e-01
6.524154397866048782e-01
6.524154397866048782e-01
6.749566632623419382e-01
6.342825382631979148e-01
6.548041818389198632e-01
6.534601730195184199e-01
6.534601730195184199e-01
7.112345396180034252e-01
6.323452424524789173e-01
6.323452424524789173e-01
6.735777268581945032e-01
6.626696469396256006e-01
6.626696469396256006e-01
6.420135518461711488e-01
6.376983598981448287e-01
6.376983598981448287e-01
6.376983598981448287e-01
7.532874931839461663e-01
7.532874931839461663e-01
7.556649324915581944e-01
7.556649324915581944e-01
7.379230534836319633e-01
7.367346632260108885e-01
7.663890250566399720e-01
7.663890250566399720e-01
7.663890250566399720e-01
7.774987895201808108e-01
7.831977267641093698e-01
8.124737883211802236e-01
8.124737883211802236e-01
7.914601432505632417e-01
7.914601432505632417e-01
7.914601432505632417e-01
7.648192018296610106e-01
7.414629270013801676e-01
8.145566642662607215e-01
7.143422768692608837e-01
7.153812425033044820e-01
7.153812425033044820e-01
7.153812425033044820e-01
7.425236888870359042e-01
8.161808963487434676e-01
8.161808963487434676e-01
8.276655876620564456e-01
8.260438941859450379e-01
7.969689510611985828e-01
7.969689510611985828e-01
7.790328838498751240e-01
7.790328838498751240e-01
7.790328838498751240e-01
8.128618555022659731e-01
8.128618555022659731e-01
7.965038926333063429e-01
7.693620578397101228e-01
7.693620578397101228e-01
7.829858358884195235e-01
7.882064409021012352e-01
7.882064409021012352e-01
7.700874134868593845e-01
7.646452614972090167e-01
7.646452614972090167e-01
7.486215191320086948e-01
7.486215191320086948e-01
7.598477065610999004e-01
8.135632901041641718e-01
8.163922807079614374e-01
8.163922807079614374e-01
8.419755199150151803e-01
8.486915898869998864e-01
8.486915898869998864e-01
8.000618244851368521e-01
8.000618244851368521e-01
8.000618244851368521e-01
7.830134673204163231e-01
8.211843108641707634e-01
8.211843108641707634e-01
8.348256084879552841e-01
8.348256084879552841e-01
8.348256084879552841e-01
8.233877836975429521e-01
8.230347175002098448e-01
7.950288645700531731e-01
8.130987778358649276e-01
8.130987778358649276e-01
8.130987778358649276e-01
8.980086484623670540e-01
8.980086484623670540e-01
8.980086484623670540e-01
8.980086484623670540e-01
8.851448654165663399e-01
8.851448654165663399e-01
8.539019208793076077e-01
8.539019208793076077e-01
8.263871946155250114e-01
8.263871946155250114e-01
8.241980615950974531e-01
8.241980615950974531e-01
8.241980615950974531e-01
8.241980615950974531e-01
8.365346336728587406e-01
8.365346336728587406e-01
8.150604683607972634e-01
8.150604683607972634e-01
8.150604683607972634e-01
7.980001592977664648e-01
8.669640639066347187e-01
8.669640639066347187e-01
8.263004746762262487e-01
8.263004746762262487e-01
8.263004746762262487e-01
8.263004746762262487e-01
8.263004746762262487e-01
8.569280766363026602e-01
8.569280766363026602e-01
8.569280766363026602e-01
8.569280766363026602e-01
8.569280766363026602e-01
8.569280766363026602e-01
8.569280766363026602e-01
8.569280766363026602e-01
8.569280766363026602e-01
8.584742779161623760e-01
8.584742779161623760e-01
8.584742779161623760e-01
8.767414285043128030e-01
8.767414285043128030e-01
8.767414285043128030e-01
8.767414285043128030e-01
8.581155444400911936e-01
8.581155444400911936e-01
8.708985091031801185e-01
8.826095682243376706e-01
8.826095682243376706e-01
8.619492648963728021e-01
8.619492648963728021e-01
8.619492648963728021e-01
8.619492648963728021e-01
8.619492648963728021e-01
8.619492648963728021e-01
8.619492648963728021e-01
8.619492648963728021e-01
8.619492648963728021e-01
8.526409310398674890e-01
8.526409310398674890e-01
8.526409310398674890e-01
8.698582726719481517e-01
8.698582726719481517e-01
8.698582726719481517e-01
8.698582726719481517e-01
8.698582726719481517e-01
8.355198395557766888e-01
8.379952480571506435e-01
8.241855770475823295e-01
8.241855770475823295e-01
8.241855770475823295e-01
8.241855770475823295e-01
8.241855770475823295e-01
8.641250270317260007e-01
8.641250270317260007e-01
8.641250270317260007e-01
7.971933698219675346e-01
7.971933698219675346e-01
7.971933698219675346e-01
8.584179798868416533e-01
8.320959958722788929e-01
8.175922748416902808e-01
8.201484258647810943e-01
8.201484258647810943e-01
8.389225518565873729e-01
8.179742125129049191e-01
8.179742125129049191e-01
8.406803177853511277e-01
8.406803177853511277e-01
8.406803177853511277e-01
8.406803177853511277e-01
8.406803177853511277e-01
8.406803177853511277e-01
8.406803177853511277e-01
8.406803177853511277e-01
8.406803177853511277e-01
8.406803177853511277e-01
8.406803177853511277e-01
8.220995155106429753e-01
8.220995155106429753e-01
8.220995155106429753e-01
8.250362915711849654e-01
8.250362915711849654e-01
8.250362915711849654e-01
8.250362915711849654e-01
8.449223156124389122e-01
8.504110603145962344e-01
8.504110603145962344e-01
8.504110603145962344e-01
8.504110603145962344e-01
8.206277639971154558e-01
8.206277639971154558e-01
8.442233296051370184e-01
8.158242838887844739e-01
8.158242838887844739e-01
8.158242838887844739e-01
8.549233894619191476e-01
8.315321216294346840e-01
8.315321216294346840e-01
8.315321216294346840e-01
7.953860983313791877e-01
7.953860983313791877e-01
7.953860983313791877e-01
7.835158573006862914e-01
7.957293581547633110e-01
7.867458011895753778e-01
7.758335015458244222e-01
7.849042166265369769e-01
7.849042166265369769e-01
7.849042166265369769e-01
8.192916236927719753e-01
8.474357647434103136e-01
7.980643655062126252e-01
7.980643655062126252e-01
8.374952964002450040e-01
8.374952964002450040e-01
8.886023064080381673e-01
8.886023064080381673e-01
8.338162022214082869e-01
8.338162022214082869e-01
8.338162022214082869e-01
8.489114743608690006e-01
8.511430930468388834e-01
8.511430930468388834e-01
8.511430930468388834e-01
8.511430930468388834e-01
8.279837764148616497e-01
8.279837764148616497e-01
8.279837764148616497e-01
8.092259427584583831e-01
8.092259427584583831e-01
8.092259427584583831e-01
8.092259427584583831e-01
8.092259427584583831e-01
8.092259427584583831e-01
8.032175337735996123e-01
8.322482053131132762e-01
8.322482053131132762e-01
8.612937994285861931e-01
8.612937994285861931e-01
8.536357699202801186e-01
8.536357699202801186e-01
8.143964520292864551e-01
8.143964520292864551e-01
8.209957495669026883e-01
8.430730472897287608e-01
8.430730472897287608e-01
8.430730472897287608e-01
8.600457806664016935e-01
8.607632316389390859e-01
8.371382541488515683e-01
8.606495811217210745e-01
8.563418608984070257e-01
8.563418608984070257e-01
8.563418608984070257e-01
8.563418608984070257e-01
8.563418608984070257e-01
8.563418608984070257e-01
8.563418608984070257e-01
8.415003893865451445e-01
8.415003893865451445e-01
8.415003893865451445e-01
8.415003893865451445e-01
8.452792953087461258e-01
8.526715999498575282e-01
8.526715999498575282e-01
8.277768001032067557e-01
8.269443652916554921e-01
8.269443652916554921e-01
8.152484689535060003e-01
8.152484689535060003e-01
8.379454031710592554e-01
8.369121858525353508e-01
8.319891694012422345e-01
8.319891694012422345e-01
8.319891694012422345e-01
8.809548076807351968e-01
8.809548076807351968e-01
8.809548076807351968e-01
8.716261097079724962e-01
8.716261097079724962e-01
8.522947104553245667e-01
8.476215583945925225e-01
8.476215583945925225e-01
8.597538801437734080e-01
8.890156198970493584e-01
8.890156198970493584e-01
8.633276981500528358e-01
8.709744190882472425e-01
8.649622319012240101e-01
8.649622319012240101e-01
8.649622319012240101e-01
8.649622319012240101e-01
8.609795586646563637e-01
8.609795586646563637e-01
8.609795586646563637e-01
8.609795586646563637e-01
8.609795586646563637e-01
8.485448632854353246e-01
8.485448632854353246e-01
8.409693427275334310e-01
8.451843490063456477e-01
8.354813224691183260e-01
8.354813224691183260e-01
8.354813224691183260e-01
8.182694057124931808e-01
8.591511934045653609e-01
8.591511934045653609e-01
8.591511934045653609e-01
8.591511934045653609e-01
8.591511934045653609e-01
8.591511934045653609e-01
8.591511934045653609e-01
8.591511934045653609e-01
8.591511934045653609e-01
8.591511934045653609e-01
8.591511934045653609e-01
8.591511934045653609e-01
8.591511934045653609e-01
8.591511934045653609e-01
8.591511934045653609e-01
8.591511934045653609e-01
8.591511934045653609e-01
8.591511934045653609e-01
8.425370897135544546e-01
8.645535442443887941e-01
8.645535442443887941e-01
8.645535442443887941e-01
8.645535442443887941e-01
8.423803790054917862e-01
8.423803790054917862e-01
8.423803790054917862e-01
8.423803790054917862e-01
8.423803790054917862e-01
8.154599605693138020e-01
8.154599605693138020e-01
8.154599605693138020e-01
8.497612245226671135e-01
8.525925967569670805e-01
8.330023172772079709e-01
8.330023172772079709e-01
8.330023172772079709e-01
8.330023172772079709e-01
8.683650635210312663e-01
8.683650635210312663e-01
8.361012073033721181e-01
8.361012073033721181e-01
8.361012073033721181e-01
8.361012073033721181e-01
8.320175230360458141e-01
8.320175230360458141e-01
8.320175230360458141e-01
8.320175230360458141e-01
8.320175230360458141e-01
8.320175230360458141e-01
8.140055016376190888e-01
7.964441869794739448e-01
7.964441869794739448e-01
7.964441869794739448e-01
8.385270680334701021e-01
8.385270680334701021e-01
8.350482078294159116e-01
8.350482078294159116e-01
8.350482078294159116e-01
8.763910278085639272e-01
8.763910278085639272e-01
8.154878692952894914e-01
8.288551737978291367e-01
8.288551737978291367e-01
8.092720570953348957e-01
8.092720570953348957e-01
8.092720570953348957e-01
8.092720570953348957e-01
8.092720570953348957e-01
8.292046337670453404e-01
8.101716189591368078e-01
8.370154619651958283e-01
8.370154619651958283e-01
8.239574835918975770e-01
8.329912947984081661e-01
8.329912947984081661e-01
8.090461904939598714e-01
8.090461904939598714e-01
8.275482302449977956e-01
8.275482302449977956e-01
8.215299522943475541e-01
8.286786825817701319e-01
8.286786825817701319e-01
8.191958639504258732e-01
8.523228894487245855e-01
8.523228894487245855e-01
8.523228894487245855e-01
8.288322792629153613e-01
8.356033803838038843e-01
8.291216374801042566e-01
8.447571282912649249e-01
8.447571282912649249e-01
8.447571282912649249e-01
8.447571282912649249e-01
8.447571282912649249e-01
8.455697521635726632e-01
8.496704741882697975e-01
8.496704741882697975e-01
8.496704741882697975e-01
8.701869109915110201e-01
8.661836823341391156e-01
8.661836823341391156e-01
8.661836823341391156e-01
8.387988569922186777e-01
8.387988569922186777e-01
8.387988569922186777e-01
8.624978327685076662e-01
8.624978327685076662e-01
8.307826287420563283e-01
8.307826287420563283e-01
8.307826287420563283e-01
8.307826287420563283e-01
8.307826287420563283e-01
8.307826287420563283e-01
8.429428740984270529e-01
8.266000306720234780e-01
8.135930747908887151e-01
8.466528199489423701e-01
8.466528199489423701e-01
8.466528199489423701e-01
8.466528199489423701e-01
8.466528199489423701e-01
8.425864166854425408e-01
8.425864166854425408e-01
8.896250029539649606e-01
9.089655370689683211e-01
9.089655370689683211e-01
9.089655370689683211e-01
9.089655370689683211e-01
8.648865636849817351e-01
8.648865636849817351e-01
8.648865636849817351e-01
8.648865636849817351e-01
8.648865636849817351e-01
8.629483722755476593e-01
8.629483722755476593e-01
8.629483722755476593e-01
8.629483722755476593e-01
8.606176083458365600e-01
8.606176083458365600e-01
8.606176083458365600e-01
8.606176083458365600e-01
8.562194490605328223e-01
8.668201346899485626e-01
8.697052165737176876e-01
8.697052165737176876e-01
8.697052165737176876e-01
8.424160997795792083e-01
8.424160997795792083e-01
8.424160997795792083e-01
8.424160997795792083e-01
8.424160997795792083e-01
8.424160997795792083e-01
8.424160997795792083e-01
8.424160997795792083e-01
8.424160997795792083e-01
8.493034814923092757e-01
8.493034814923092757e-01
8.247931988827684746e-01
8.218965294277005285e-01
7.975529850824297773e-01
7.975529850824297773e-01
7.975529850824297773e-01
7.975529850824297773e-01
8.716981288369337610e-01
8.716981288369337610e-01
8.716981288369337610e-01
8.716981288369337610e-01
8.716981288369337610e-01
8.391224391289456852e-01
8.391224391289456852e-01
8.283910533810909804e-01
8.283910533810909804e-01
8.416509192880310408e-01
8.377364868184460356e-01
7.909841060697770931e-01
7.909841060697770931e-01
7.746761785531022237e-01
7.975638990536741968e-01
8.573635580023494240e-01
8.573635580023494240e-01
7.982898554312738426e-01
7.845766433770618997e-01
7.882192071093155894e-01
8.363666708876988931e-01
8.363666708876988931e-01
8.363666708876988931e-01
8.428477924129957888e-01
8.428477924129957888e-01
8.428477924129957888e-01
8.428477924129957888e-01
8.428477924129957888e-01
8.754881434999864931e-01
8.882076506046145958e-01
8.882076506046145958e-01
8.130533611584276343e-01
8.322886520100011287e-01
8.751243517340032696e-01
8.751243517340032696e-01
8.474178778497105657e-01
8.273189389547467298e-01
8.162665459670046531e-01
8.162665459670046531e-01
8.275850370107066256e-01
8.611678830011565422e-01
8.341719212656134586e-01
8.341719212656134586e-01
7.899206693123149714e-01
7.899206693123149714e-01
8.804802692048971924e-01
8.858819336958413393e-01
8.645172912466970727e-01
8.645172912466970727e-01
8.645172912466970727e-01
8.645172912466970727e-01
8.645172912466970727e-01
8.645172912466970727e-01
8.630039782344940402e-01
8.630039782344940402e-01
8.157231456779200363e-01
8.415317658338381523e-01
8.415317658338381523e-01
8.415317658338381523e-01
8.475264768258446990e-01
8.475264768258446990e-01
8.475264768258446990e-01
8.475264768258446990e-01
8.475264768258446990e-01
8.462349227636837279e-01
7.880007351012838779e-01
7.946083015590674758e-01
8.388677288542170096e-01
8.537061414696167638e-01
8.335046261944586421e-01
8.302275635890397076e-01
8.302275635890397076e-01
8.602402641459994115e-01
8.222596038509180083e-01
8.795251223159261666e-01
8.602798694834161708e-01
8.371926744758600991e-01
8.371926744758600991e-01
8.371926744758600991e-01
8.269929263905575478e-01
8.269929263905575478e-01
8.397753928660532940e-01
8.480337605336540907e-01
8.480337605336540907e-01
8.480337605336540907e-01
8.480337605336540907e-01
8.527125984095154099e-01
8.527125984095154099e-01
8.527125984095154099e-01
8.584036895428138747e-01
8.758750303911475577e-01
8.093082277702231542e-01
8.253950568405380439e-01
8.253950568405380439e-01
8.116769199502344989e-01
8.373017562903188882e-01
8.373017562903188882e-01
8.373017562903188882e-01
8.204219957498273263e-01
8.213369128000604924e-01
8.367440721600005737e-01
8.124153331309709181e-01
8.028423427192714623e-01
8.028423427192714623e-01
8.028423427192714623e-01
8.651410144041365990e-01
8.651410144041365990e-01
8.311455595216831194e-01
8.311455595216831194e-01
8.311455595216831194e-01
8.311455595216831194e-01
8.311455595216831194e-01
8.311455595216831194e-01
8.311455595216831194e-01
8.270173709932809869e-01
7.948074459632025190e-01
8.207593518606948191e-01
8.303364951347758094e-01
8.303364951347758094e-01
8.303364951347758094e-01
8.303364951347758094e-01
8.303364951347758094e-01
8.014858858061107982e-01
8.014858858061107982e-01
7.991680639000181552e-01
8.071324017947560936e-01
8.071324017947560936e-01
8.566657417001283248e-01
8.566657417001283248e-01
8.282938353844474522e-01
8.755219610454905155e-01
8.755219610454905155e-01
8.755219610454905155e-01
8.755219610454905155e-01
8.319517882303577583e-01
8.319517882303577583e-01
8.319517882303577583e-01
8.319517882303577583e-01
8.319517882303577583e-01
8.319517882303577583e-01
8.319517882303577583e-01
8.319517882303577583e-01
8.319517882303577583e-01
8.485582572447518679e-01
8.485582572447518679e-01
8.221499112550532118e-01
8.221499112550532118e-01
8.221499112550532118e-01
8.221499112550532118e-01
8.221499112550532118e-01
8.221499112550532118e-01
8.227959734969001460e-01
8.294669017494236130e-01
8.555931573433915860e-01
8.555931573433915860e-01
8.555931573433915860e-01
8.555931573433915860e-01
8.555931573433915860e-01
8.555931573433915860e-01
8.555931573433915860e-01
8.555931573433915860e-01
8.261003727309533806e-01
8.562041465927950901e-01
8.562041465927950901e-01
8.562041465927950901e-01
8.562041465927950901e-01
8.519691821320680702e-01
8.519691821320680702e-01
8.375884177337747927e-01
8.375884177337747927e-01
8.375884177337747927e-01
8.375884177337747927e-01
8.427142578574112752e-01
8.427142578574112752e-01
8.239682211514208765e-01
8.239682211514208765e-01
8.845538957426081206e-01
8.845538957426081206e-01
8.845538957426081206e-01
8.891648055065060063e-01
8.891648055065060063e-01
8.891648055065060063e-01
8.318848673579867237e-01
8.318848673579867237e-01
8.502631169753761542e-01
8.502631169753761542e-01
8.502631169753761542e-01
8.407568600185271190e-01
8.407568600185271190e-01
8.407568600185271190e-01
8.407568600185271190e-01
8.407568600185271190e-01
8.407568600185271190e-01
8.407568600185271190e-01
8.407568600185271190e-01
8.532988630053649493e-01
8.532988630053649493e-01
8.532988630053649493e-01
8.335431470139674781e-01
8.335431470139674781e-01
8.335431470139674781e-01
8.326594373464279997e-01
8.326594373464279997e-01
8.437668686412461705e-01
8.437668686412461705e-01
8.486424709062562188e-01
8.486424709062562188e-01
8.552705138198926083e-01
8.615790886688172723e-01
8.505313961077065610e-01
8.505313961077065610e-01
8.176023306800298540e-01
7.996619597315152150e-01
7.996619597315152150e-01
8.579521755932073557e-01
8.531854748315149672e-01
8.452513534098661241e-01
8.452513534098661241e-01
8.616327065995145196e-01
8.605860498554434024e-01
8.605860498554434024e-01
8.829974150466247673e-01
8.829974150466247673e-01
8.829974150466247673e-01
8.976605759488063274e-01
8.976605759488063274e-01
8.675646441262006014e-01
8.789765344442032058e-01
8.696955394703801412e-01
8.696955394703801412e-01
8.340863190601277566e-01
8.340863190601277566e-01
8.340863190601277566e-01
8.340863190601277566e-01
8.454476673928226216e-01
8.454476673928226216e-01
8.454476673928226216e-01
8.551878228953289085e-01
8.551878228953289085e-01
8.551878228953289085e-01
8.640192712653911311e-01
8.460465826002830925e-01
8.526200009492271858e-01
8.526200009492271858e-01
8.526200009492271858e-01
8.526200009492271858e-01
8.526200009492271858e-01
8.406047614786846811e-01
8.019735966558986240e-01
8.019735966558986240e-01
7.954987415842835752e-01
7.954987415842835752e-01
8.301777597954170806e-01
8.749774430868223485e-01
8.229897873637415096e-01
8.229897873637415096e-01
8.458351196362624558e-01
8.458351196362624558e-01
8.195385497739158254e-01
8.656183842727008804e-01
8.656183842727008804e-01
8.679174132234442895e-01
8.679174132234442895e-01
8.212153091168009622e-01
8.335081853952278630e-01
8.479189996443641242e-01
8.174906090113474022e-01
8.636716526261064564e-01
8.678976650912907376e-01
8.678976650912907376e-01
8.678976650912907376e-01
8.678976650912907376e-01
8.678976650912907376e-01
8.735655983393170176e-01
8.735655983393170176e-01
8.735655983393170176e-01
8.894562642186766288e-01
8.894562642186766288e-01
8.530722856142664012e-01
8.530722856142664012e-01
8.430729879311826824e-01
8.656873069247642549e-01
8.656873069247642549e-01
8.656873069247642549e-01
8.656873069247642549e-01
8.656873069247642549e-01
8.656873069247642549e-01
8.537857522836631574e-01
8.292244615611650271e-01
8.292244615611650271e-01
8.297181814127275734e-01
8.098258769490535025e-01
8.468823203469402205e-01
8.589798897087546070e-01
8.589798897087546070e-01
8.498845996837016692e-01
8.498845996837016692e-01
8.498845996837016692e-01
8.330571863240954222e-01
8.330571863240954222e-01
8.413904924278490238e-01
8.413904924278490238e-01
8.413904924278490238e-01
8.413904924278490238e-01
8.348785943783986196e-01
8.182886917541597471e-01
8.297247556790261491e-01
8.297247556790261491e-01
8.068184020983760751e-01
8.535638332640366199e-01
8.287184605505351076e-01
8.141334180641069951e-01
8.494505040138079499e-01
8.294486488641708011e-01
8.130160332055620387e-01
8.267256411628643997e-01
8.713082321419435283e-01
8.703193081421985999e-01
8.612661363033967676e-01
8.596439533021421608e-01
8.436750893989757305e-01
8.436750893989757305e-01
8.595318176798728560e-01
8.189965524133299146e-01
8.189965524133299146e-01
8.401552295023534400e-01
8.401552295023534400e-01
8.321703058973239919e-01
8.530748928989441149e-01
8.848794554327518158e-01
8.835646094070775947e-01
8.835646094070775947e-01
8.719866541655865166e-01
8.719866541655865166e-01
8.719866541655865166e-01
8.617001980650227377e-01
8.678472558677334803e-01
8.678472558677334803e-01
8.678472558677334803e-01
8.432222901170350893e-01
8.432222901170350893e-01
8.432222901170350893e-01
8.432222901170350893e-01
8.432222901170350893e-01
8.432222901170350893e-01
8.432222901170350893e-01
8.432222901170350893e-01
8.712761187089862469e-01
8.422684851941736328e-01
8.219017864093743908e-01
8.501197714707305897e-01
8.501197714707305897e-01
8.501197714707305897e-01
8.501197714707305897e-01
8.501197714707305897e-01
8.440808702300190980e-01
8.440808702300190980e-01
8.529442491672023507e-01
8.545455950010089063e-01
8.545455950010089063e-01
8.545455950010089063e-01
8.545455950010089063e-01
8.545455950010089063e-01
8.753481346796875284e-01
8.851781852859060828e-01
8.791080685804055772e-01
8.513887416063332658e-01
8.503723949413298788e-01
8.503723949413298788e-01
8.503723949413298788e-01
8.503723949413298788e-01
8.692660576088455660e-01
8.891546195678231568e-01
8.160217712677696467e-01
8.160217712677696467e-01
8.743232841876639183e-01
8.743232841876639183e-01
8.743232841876639183e-01
8.743232841876639183e-01
8.592519506449515232e-01
8.592519506449515232e-01
8.592519506449515232e-01
8.592519506449515232e-01
8.904896424990270676e-01
8.659165999899860466e-01
8.534652001613503014e-01
8.534652001613503014e-01
8.316420199129284097e-01
8.361342083963763105e-01
8.361342083963763105e-01
8.361342083963763105e-01
8.367299901753079139e-01
8.552311738120450535e-01
8.835084458283103404e-01
8.117189512415092789e-01
8.277726580830291336e-01
8.277726580830291336e-01
8.277726580830291336e-01
8.281865509133596870e-01
8.281865509133596870e-01
8.181259443765738215e-01
8.801039202547008555e-01
8.801039202547008555e-01
8.674309572303600113e-01
8.674309572303600113e-01
8.674309572303600113e-01
8.674309572303600113e-01
8.492464235210328560e-01
8.492464235210328560e-01
8.492464235210328560e-01
8.492464235210328560e-01
8.492464235210328560e-01
8.492464235210328560e-01
8.492464235210328560e-01
8.492464235210328560e-01
8.653751224448268387e-01
8.653751224448268387e-01
8.653751224448268387e-01
8.347192666380855997e-01
8.347192666380855997e-01
8.347192666380855997e-01
8.347192666380855997e-01
8.249896926140778408e-01
8.249896926140778408e-01
8.491048680167273544e-01
8.491048680167273544e-01
8.743867253772443782e-01
8.563074759580756590e-01
8.563074759580756590e-01
8.563074759580756590e-01
8.563074759580756590e-01
8.626643660086430465e-01
8.626643660086430465e-01
8.512240591331232675e-01
8.512240591331232675e-01
8.512240591331232675e-01
8.512240591331232675e-01
8.512240591331232675e-01
8.512240591331232675e-01
8.449912091691010874e-01
8.497840525561617397e-01
8.367188100590452482e-01
8.372915390972974770e-01
8.372915390972974770e-01
8.820506036343029876e-01
8.820506036343029876e-01
8.381001106792425048e-01
