24
25
29
33
29
29
27
28
31
27
27
26
21
18
16
15
15
17
20
18
17
18
23
27
23
22
22
24
21
17
19
17
18
19
19
15
15
14
13
13
15
16
20
15
16
17
15
15
15
19
23
22
18
20
20
17
17
17
14
11
16
14
15
15
15
16
18
16
13
15
16
15
15
13
20
26
22
25
24
24
21
22
21
26
22
19
24
24
23
21
21
22
20
20
17
21
21
20
19
21
22
22
20
25
23
21
18
19
19
16
16
19
22
21
18
21
19
21
20
17
19
22
17
17
20
21
28
27
25
20
19
19
18
18
15
17
18
18
17
17
16
18
22
17
18
16
15
17
22
21
19
18
18
15
17
18
17
20
17
19
18
15
19
18
19
21
17
19
20
15
16
15
15
14
14
17
18
18
19
23
22
23
21
21
24
24
21
19
20
23
23
25
26
27
24
24
19
20
18
15
