18
17
16
20
20
19
21
20
14
13
14
13
11
10
11
12
17
15
14
16
16
14
14
11
10
12
13
14
16
14
17
18
17
16
12
10
10
14
15
21
20
20
22
18
19
18
19
14
14
12
10
12
14
12
11
17
17
11
13
13
13
9
9
7
10
10
13
14
13
10
12
13
11
12
11
14
13
12
11
14
14
15
16
14
15
16
15
15
15
15
14
14
12
20
21
18
15
20
23
25
17
18
16
20
11
12
12
9
11
13
11
8
7
9
9
8
10
11
12
14
15
15
14
13
15
15
13
15
16
16
14
14
12
10
10
9
13
16
16
11
12
17
17
15
11
13
17
14
13
14
14
12
13
13
12
12
17
14
19
24
20
20
18
18
23
24
22
19
15
18
15
17
15
15
16
17
14
12
13
15
14
13
16
13
14
17
15
10
10
10
12
9
11
12
11
12
13
10
9
11
